4259840
2293760
1638400
1638400
314900480
1638400
629800960
655360
1638400
210042880
1638400
1638400
1638400
420085760
105512960
1638400
314900480
1638400
629800960
655360
1638400
210042880
1638400
1638400
1638400
420085760
105512960
1638400
314900480
1638400
629800960
655360
1638400
210042880
1638400
1638400
1638400
420085760
105512960
1638400
314900480
1638400
629800960
655360
1638400
210042880
1638400
1638400
1638400
420085760
105512960
1638400
314900480
1638400
629800960
655360
1638400
210042880
1638400
1638400
1638400
420085760
105512960
39403520
26296320
409600
78725120
409600
157450240
163840
409600
52510720
409600
409600
409600
105021440
26378240
409600
78725120
409600
157450240
163840
409600
52510720
409600
409600
409600
105021440
26378240
409600
78725120
409600
157450240
163840
409600
52510720
409600
409600
409600
105021440
26378240
409600
78725120
409600
157450240
163840
409600
52510720
409600
409600
409600
105021440
26378240
409600
78725120
409600
157450240
163840
409600
52510720
409600
409600
409600
105021440
26378240
9850880
6574080
102400
19681280
102400
39362560
40960
102400
13127680
102400
102400
102400
26255360
6594560
102400
19681280
102400
39362560
40960
102400
13127680
102400
102400
102400
26255360
6594560
102400
19681280
102400
39362560
40960
102400
13127680
102400
102400
102400
26255360
6594560
102400
19681280
102400
39362560
40960
102400
13127680
102400
102400
102400
26255360
6594560
102400
19681280
102400
39362560
40960
102400
13127680
102400
102400
102400
26255360
6594560
102400
19681280
102400
102400
102400
39362560
6594560
102400
13127680
204800
204800
102400
26255360
26255360
102400
19681280
102400
102400
102400
39362560
6594560
102400
13127680
204800
204800
102400
26255360
26255360
102400
19681280
102400
102400
102400
39362560
6594560
102400
13127680
204800
204800
102400
26255360
26255360
102400
19681280
102400
102400
102400
39362560
6594560
102400
13127680
204800
204800
102400
26255360
26255360
102400
19681280
102400
102400
102400
39362560
6594560
102400
13127680
204800
204800
102400
26255360
26255360
9928320
6646080
409600
78725120
409600
409600
409600
157450240
26378240
409600
52510720
819200
819200
409600
105021440
105021440
409600
78725120
409600
409600
409600
157450240
26378240
409600
52510720
819200
819200
409600
105021440
105021440
409600
78725120
409600
409600
409600
157450240
26378240
409600
52510720
819200
819200
409600
105021440
105021440
409600
78725120
409600
409600
409600
157450240
26378240
409600
52510720
819200
819200
409600
105021440
105021440
409600
78725120
409600
409600
409600
157450240
26378240
409600
52510720
819200
819200
409600
105021440
105021440
409600
78725120
409600
409600
409600
157450240
26378240
409600
52510720
819200
819200
409600
105021440
105021440
39680640
26562880
1638400
314900480
1638400
1638400
1638400
629800960
105512960
1638400
210042880
3276800
3276800
1638400
420085760
420085760
1638400
314900480
1638400
1638400
1638400
629800960
105512960
1638400
210042880
3276800
3276800
1638400
420085760
420085760
1638400
314900480
1638400
1638400
1638400
629800960
105512960
1638400
210042880
3276800
3276800
1638400
420085760
420085760
1638400
314900480
1638400
1638400
1638400
629800960
105512960
1638400
210042880
3276800
3276800
1638400
420085760
420085760
1638400
314900480
1638400
1638400
1638400
629800960
105512960
1638400
210042880
3276800
3276800
1638400
420085760
420085760
1638400
314900480
1638400
1638400
1638400
629800960
105512960
1638400
210042880
3276800
3276800
1638400
420085760
420085760
