90050560
90050560
90050560
90050560
90050560
90050560
90050560
90050560
90050560
90050560
90050560
90050560
90050560
90050560
90050560
90050560
90050560
90050560
90050560
90050560
90050560
90050560
90050560
90050560
90050560
90050560
90050560
90050560
90050560
90050560
90050560
90050560
28069888
28069888
28069888
28069888
28069888
28069888
28069888
28069888
28069888
28069888
28069888
28069888
28069888
28069888
28069888
28069888
28069888
28069888
28069888
28069888
28069888
28069888
28069888
28069888
28069888
28069888
28069888
28069888
28069888
28069888
28069888
28069888
9809920
9809920
9809920
9809920
9809920
9809920
9809920
9809920
9809920
9809920
9809920
9809920
9809920
9809920
9809920
9809920
9809920
9809920
9809920
9809920
9809920
9809920
9809920
9809920
9809920
9809920
9809920
9809920
9809920
9809920
9809920
9809920
